81842
81869.7
81828.7
81821.6
81862.8
81798.2
81817
81821.6
81812.3
81834
81803.7
81860.3
82142.9
81810.9
82006.7
81818.1
81819.7
81812.6
81817.3
81860
592.469
560.126
601.501
569.308
580.252
583.366
4.73891
4.72052
4.67577
4.67414
587.172
617.186
597.955
612.996
594.027
610.705
585.534
571.417
600.169
587.482
569.174
584.672
586.027
590.65
566.722
559.292
560.694
577.848
556.702
557.268
554.925
553.286
558.837
569.777
553.152
556.178
547.573
553.685
563.297
583.168
565.138
568.176
556.989
555.07
563.823
590.109
563.244
558.334
554.378
551.413
561.536
552.84
556.172
558.993
556.342
549.219
550.455
557.535
2.80469
2.90969
3.20763
7.051
4.61356
7.01515
2.83795
6.81102
2.83726
2.70605
6.82257
6.82406
2.87461
2.76907
3.57229
5.95384
9.89174
9.85752
4.69747
5.10295
4.17448
3.96593
4.75357
4.69474
3.00501
1.68874
1.7391
4.31056
1.70551
1.81578
4.1045
1.6984
2.50775
4.74378
4.27026
4.93414
1.70183
1.67959
1.74459
1.68408
1.813
1.80015
1.72501
1.73199
6.56653
2.78419
3.01931
2.77601
7.00791
6.76402
6.97972
2.77147
6.88766
2.9196
3.4164
3.32264
8.48354
6.88035
6.51025
6.6081
7.192
6.95887
7.6284
6.68017
3.95704
3.19313
4.15279
5.86243
39.3259
39.1844
