83616.1
83574.9
83595.5
83571.3
83591.3
83609.8
83617.9
83591.1
83599.3
83863.3
83588.5
83590.7
84018.1
83585.5
83680.5
83610.2
83574
83589.1
83689
83593.4
577.368
595.478
580.22
613.857
611.631
579.979
2.69918
4.95069
5.13305
4.88088
4.68631
4.64365
5.49173
4.58517
5.17372
4.67386
5.2234
5.62107
5.18873
4.64479
4.61657
575.634
620.09
617.933
595.933
597.618
610.14
606.855
606.971
585.931
613.998
574.597
597.315
613.931
588.764
588.669
607.822
578.227
559.12
568.42
557.408
563.297
556.49
562.274
554.907
561.05
555.984
560.491
552.856
561.056
553.275
561.435
554.625
573.61
560.477
563.315
559.93
560.648
555.617
557.897
557.258
565.273
101.358
123.817
555.133
558.383
556.944
557.593
557.251
582.171
555.04
572.202
554.321
560.485
3.25998
3.13654
3.46993
3.12474
3.1732
3.18947
4.35842
3.06419
3.92075
3.30057
8.73921
7.75269
5.04866
3.96921
6.18605
10.3044
6.61277
11.232
9.65589
6.72226
2.78516
4.40117
5.12709
4.97093
1.89123
1.9131
2.01888
1.79838
1.92029
3.41126
1.91109
4.34416
5.08576
4.95902
5.07814
4.87687
2.06317
1.95314
2.85315
2.63125
1.93412
1.84694
2.818
2.7194
3.38688
7.65678
3.59721
3.05192
7.78546
8.17457
8.31218
4.7734
5.69501
3.15784
3.89778
3.55522
12.8431
11.9182
11.1672
17.5342
19.4861
8.15904
8.45467
16.5606
1297.73
1312.61
13.6975
11.2355
17.0708
8.20876
3.11835
8.59791
2.59694
4.33055
4.46126
4.19448
2.03596
1.77564
4.4347
1.78801
2.81152
1.81829
1.88757
1.77416
2.56909
4.51384
4.16609
4.32319
2.11659
3.65641
1.86345
2.7626
27.157
17.0229
22.3956
20.1295
31.7754
32.9489
27.6967
21.75
48.5918
49.2038
51.2517
52.0837
51.6829
69.846
49.1405
55.4084
52.2188
47.59
