105346
105383
105336
105357
105331
105362
105367
105345
105356
105395
105350
105480
105361
105413
105370
105452
105419
105354
105385
105465
352.11
354.438
383.088
385.266
525.435
522.766
4.80505
4.96054
4.84276
4.81326
538.409
521.572
521.736
545.443
513.726
516.67
496.893
503.124
519.568
529.215
542.247
532.027
521.496
530.962
512.739
525.925
493.916
498.653
374.194
370.089
918.016
921.981
936.418
932.974
921.852
930.444
915.894
915.331
951.147
948.612
939.498
921.503
918.467
925.56
936.412
919.028
917.169
912.181
494.917
511.992
498.21
504.845
510.653
504.765
498.82
499.894
510.588
509.966
501.673
2.89463
2.89979
7.20673
2.89665
2.86937
2.73743
3.13289
2.84423
2.83389
2.87147
7.01212
9.67921
6.8646
2.9124
9.15925
3.66666
9.43418
3.71653
4.8862
14.3036
1.86454
4.47527
4.95176
4.43916
2.06656
1.91817
2.78879
1.88124
1.96959
4.80604
1.76897
1.78256
2.94657
4.97683
5.49505
1.80671
1.91162
1.98977
2.1644
1.90172
3.00582
1.90726
1.8763
4.40942
2.84135
2.9088
0.340891
0.328671
0.15235
0.14013
45.2647
41.5708
38.9493
35.3626
371.215
369.827
367.268
17.1652
12.3859
12.8628
18.2216
16.4783
23.4953
12.8504
17.9992
16.5414
20.2475
20.3795
15.5183
0.14278
0.138651
43010.8
6586.51
9886.35
3386.07
