104461
104282
104425
104305
104291
104308
104302
104279
104279
104368
104470
104276
104421
104332
104469
104366
104478
104355
104363
104451
354.04
355.035
376.292
382.322
377.802
372.863
394.197
514.738
514.55
551.869
4.25126
5.03759
4.2614
4.79428
4.79157
4.7709
4.45579
4.98457
4.65005
4.55154
2.30048
5.654
522.469
544.794
540.092
508.732
549.26
536.136
524.034
534.957
533.2
515.581
522.492
527.881
507.17
521.834
528.739
521.679
512.919
528.789
503.973
491.351
495.531
494.104
340.011
346.347
353.735
362.605
915.884
915.822
927.81
934.305
925.428
920.257
921.96
908.415
919.766
935.471
932.318
922.008
910.851
915.009
934.273
932.603
913.317
914.027
100.417
108.069
936.237
907.052
505.895
521.812
494.975
501.453
495.705
494.821
503.759
508.982
499.443
503.261
508.134
500.537
505.349
506.948
491.526
8.57347
11.674
8.5287
4.21125
2.86755
4.20684
2.88927
2.84582
4.18343
4.01161
2.97641
5.71668
2.88272
2.75796
6.992
7.70048
5.87509
2.80401
3.6327
10.2232
10.42
3.68452
5.0068
4.97618
2.24378
2.00081
4.20199
3.77527
4.65559
1.91017
4.28609
4.25183
1.87587
4.1894
1.78842
1.74894
5.22967
4.33979
2.7866
2.4572
1.98833
1.83984
1.90529
1.81093
2.26345
1.83602
1.81845
4.36603
2.93919
2.84
6.67148
8.04598
6.62302
19.1457
0.617142
0.200821
0.343801
0.19463
0.147611
9.17376
8.34781
10.8691
7.1536
25.6425
18.7637
25.3872
24.9775
27.7766
11.1824
18.6999
1091.81
1122.62
54852
10597.9
1122.15
1078.64
1027.59
986.635
1017.94
26987.8
4955.63
47.9834
56
57.3698
50.6251
49.7562
52.7016
53.0349
56.822
58.422
44.2269
46.3771
46.1885
47.1031
46.5839
54.4571
47.5848
45.3448
44.457
46.0818
54.3075
55.2912
47.0489
52.026
47.4564
44.5975
44.664
91.9643
47.6951
48.8307
37.2541
45.6789
37.9921
51.6155
48.6752
48.8364
52.8589
50.3477
130921
364.195
366.969
358.579
37091.2
22.2114
18.6507
18.2661
9035.7
21.0641
22.5576
24.2968
17.7993
165851
16.0134
25.4758
15.2081
13.3024
22.0655
16.1643
12.978
17.4244
12.7603
15.9467
13.8692
19.3585
22.6639
16.1002
18.7371
14.1155
15.3069
20.0175
18.9183
25.0876
19.1387
23.6714
6050.12
27.1652
19.441
25.0337
19.9056
16.8773
16.3714
25.7385
25.3257
13.1547
19.8101
13.1676
20.345
19.6603
15.0023
20.3393
10029.1
58518.1
18.3529
18.5499
14.6286
20.0833
29.5901
17.4914
17.0188
18.4941
18.3666
23.0738
17.8409
27.4509
23.0823
131995
778.452
8653.32
7276.21
809.205
14.5791
14.3774
29.9268
25.5018
19.5305
24.7248
26.1828
13.854
26.2146
9.95316
9.23806
13.4751
9.55579
13.2963
16.7248
14.5359
20.3345
17.9586
18.1971
18.1769
13.1912
15.9295
16678.6
26.8697
16.4696
19.6969
12.7415
18.0816
15.4945
16277.8
15.5406
17.6838
31.6455
15.022
24.1948
30.6661
30.0914
24.1428
18.9416
34.733
20.308
22.8653
19.5903
16.3048
21.8713
14.3186
18.1108
21.9414
175171
21.7997
28.6678
18.4681
30.5742
20.1937
18.9245
22.3527
24.8306
24.4335
26.1532
25.8442
15.5068
21.1916
27.5951
20.2474
19.1249
22.8554
40.3167
32.4146
0.19643
0.324871
0.186191
0.26583
0.410001
0.079501
0.1062
4741.27
6073.43
